# name: debug
# type: sparse matrix
# nnz: 3582
# rows: 360
# columns: 360

1 1 1200
2 1 -8.52651283e-14
3 1 -211.88779
4 1 -500
5 1 2.84217094e-14
6 1 0
241 1 -700
242 1 5.68434189e-14
243 1 0
1 2 -8.52651283e-14
2 2 1200
3 2 -441.586243
4 2 -2.84217094e-14
5 2 -500
6 2 0
241 2 -5.68434189e-14
242 2 -700
243 2 0
1 3 -211.88779
2 3 -441.586243
3 3 1977.54108
4 3 -97.9037179
5 3 -181.803782
6 3 -500
241 3 309.791508
242 3 623.390025
243 3 -700
1 4 -500
2 4 -2.84217094e-14
3 4 -97.9037179
4 4 1000
5 4 0
6 4 100.605481
7 4 -500
8 4 -2.84217094e-14
9 4 0
1 5 2.84217094e-14
2 5 -500
3 5 -181.803782
4 5 0
5 5 1000
6 5 180.42422
7 5 2.84217094e-14
8 5 -500
9 5 0
1 6 0
2 6 0
3 6 -500
4 6 100.605481
5 6 180.42422
6 6 1085.34872
7 6 -100.605481
8 6 -180.42422
9 6 -500
4 7 -500
5 7 2.84217094e-14
6 7 -100.605481
7 7 1700
8 7 -5.68434189e-14
9 7 -93.9444752
10 7 -500
11 7 2.84217094e-14
12 7 0
247 7 -700
248 7 5.68434189e-14
249 7 0
4 8 -2.84217094e-14
5 8 -500
6 8 -180.42422
7 8 -5.68434189e-14
8 8 1700
9 8 -353.47194
10 8 -2.84217094e-14
11 8 -500
12 8 0
247 8 -5.68434189e-14
248 8 -700
249 8 0
4 9 0
5 9 0
6 9 -500
7 9 -93.9444752
8 9 -353.47194
9 9 2203.45558
10 9 -82.9851796
11 9 -168.017884
12 9 -500
247 9 176.929655
248 9 521.489824
249 9 -700
7 10 -500
8 10 -2.84217094e-14
9 10 -82.9851796
10 10 1000
11 10 -5.68434189e-14
12 10 62.9192078
13 10 -500
14 10 2.84217094e-14
15 10 0
7 11 2.84217094e-14
8 11 -500
9 11 -168.017884
10 11 -5.68434189e-14
11 11 1000
12 11 180.776397
13 11 -2.84217094e-14
14 11 -500
15 11 0
7 12 0
8 12 0
9 12 -500
10 12 62.9192078
11 12 180.776397
12 12 1073.27786
13 12 -62.9192078
14 12 -180.776397
15 12 -500
10 13 -500
11 13 -2.84217094e-14
12 13 -62.9192078
13 13 1700
14 13 -2.84217094e-14
15 13 -94.9459902
16 13 -500
17 13 0
18 13 0
253 13 -700
254 13 0
255 13 0
10 14 2.84217094e-14
11 14 -500
12 14 -180.776397
13 14 -2.84217094e-14
14 14 1700
15 14 -166.024573
16 14 0
17 14 -500
18 14 0
253 14 0
254 14 -700
255 14 0
10 15 0
11 15 0
12 15 -500
13 15 -94.9459902
14 15 -166.024573
15 15 2123.35367
16 15 -66.5344826
17 15 -252.274856
18 15 -500
253 15 161.480473
254 15 418.299429
255 15 -700
13 16 -500
14 16 0
15 16 -66.5344826
16 16 1000
17 16 -2.84217094e-14
18 16 -26.3844274
19 16 -500
20 16 2.84217094e-14
21 16 0
13 17 0
14 17 -500
15 17 -252.274856
16 17 -2.84217094e-14
17 17 1000
18 17 292.598495
19 17 -2.84217094e-14
20 17 -500
21 17 0
13 18 0
14 18 0
15 18 -500
16 18 -26.3844274
17 18 292.598495
18 18 1172.62003
19 18 26.3844274
20 18 -292.598495
21 18 -500
16 19 -500
17 19 -2.84217094e-14
18 19 26.3844274
19 19 1700
20 19 -4.26325641e-14
21 19 12.55392
22 19 -500
23 19 1.42108547e-14
24 19 0
259 19 -700
260 19 0
261 19 0
16 20 2.84217094e-14
17 20 -500
18 20 -292.598495
19 20 -4.26325641e-14
20 20 1700
21 20 -132.368543
22 20 -1.42108547e-14
23 20 -500
24 20 0
259 20 0
260 20 -700
261 20 0
16 21 0
17 21 0
18 21 -500
19 21 12.55392
20 21 -132.368543
21 21 2022.51561
22 21 -41.9442121
23 21 -242.205134
24 21 -500
259 21 29.3902921
260 21 374.573677
261 21 -700
19 22 -500
20 22 -1.42108547e-14
21 22 -41.9442121
22 22 1000
23 22 -1.42108547e-14
24 22 17.4729694
25 22 -500
26 22 0
27 22 0
19 23 1.42108547e-14
20 23 -500
21 23 -242.205134
22 23 -1.42108547e-14
23 23 1000
24 23 222.026127
25 23 0
26 23 -500
27 23 0
19 24 0
20 24 0
21 24 -500
22 24 17.4729694
23 24 222.026127
24 24 1099.20181
25 24 -17.4729694
26 24 -222.026127
27 24 -500
22 25 -500
23 25 0
24 25 -17.4729694
25 25 1700
26 25 0
27 25 61.9979819
28 25 -500
29 25 0
30 25 0
265 25 -700
266 25 0
267 25 0
22 26 0
23 26 -500
24 26 -222.026127
25 26 0
26 26 1700
27 26 61.9965756
28 26 0
29 26 -500
30 26 0
265 26 0
266 26 -700
267 26 0
22 27 0
23 27 0
24 27 -500
25 27 61.9979819
26 27 61.9965756
27 27 1875.99986
28 27 -28.5910299
29 27 -248.221738
30 27 -500
265 27 -33.406952
266 27 186.225162
267 27 -700
25 28 -500
26 28 0
27 28 -28.5910299
28 28 1000
29 28 0
30 28 -51.45038
31 28 -500
32 28 0
33 28 0
25 29 0
26 29 -500
27 29 -248.221738
28 29 0
29 29 1000
30 29 228.959174
31 29 0
32 29 -500
33 29 0
25 30 0
26 30 0
27 30 -500
28 30 -51.45038
29 30 228.959174
30 30 1110.13889
31 30 51.45038
32 30 -228.959174
33 30 -500
28 31 -500
29 31 0
30 31 51.45038
31 31 1700
32 31 0
33 31 196.550254
34 31 -500
35 31 0
36 31 0
271 31 -700
272 31 0
273 31 0
28 32 0
29 32 -500
30 32 -228.959174
31 32 0
32 32 1700
33 32 265.56243
34 32 0
35 32 -500
36 32 0
271 32 0
272 32 -700
273 32 0
28 33 0
29 33 0
30 33 -500
31 33 196.550254
32 33 265.56243
33 33 1834.89822
34 33 -38.5065518
35 33 -215.206493
36 33 -500
271 33 -158.043702
272 33 -50.3559368
273 33 -700
31 34 -500
32 34 0
33 34 -38.5065518
34 34 1000
35 34 0
36 34 -7.97354909
37 34 -500
38 34 0
39 34 0
31 35 0
32 35 -500
33 35 -215.206493
34 35 0
35 35 1000
36 35 233.304192
37 35 0
38 35 -500
39 35 0
31 36 0
32 36 0
33 36 -500
34 36 -7.97354909
35 36 233.304192
36 36 1108.98885
37 36 7.97354909
38 36 -233.304192
39 36 -500
34 37 -500
35 37 0
36 37 7.97354909
37 37 1700
38 37 0
39 37 264.925065
40 37 -500
41 37 0
42 37 0
277 37 -700
278 37 0
279 37 0
34 38 0
35 38 -500
36 38 -233.304192
37 38 0
38 38 1700
39 38 433.310999
40 38 0
41 38 -500
42 38 0
277 38 0
278 38 -700
279 38 0
34 39 0
35 39 0
36 39 -500
37 39 264.925065
38 39 433.310999
39 39 1960.71388
40 39 -110.936124
41 39 -296.073704
42 39 -500
277 39 -153.988941
278 39 -137.237294
279 39 -700
37 40 -500
38 40 0
39 40 -110.936124
40 40 1000
41 40 0
42 40 -61.7148892
43 40 -500
44 40 0
45 40 0
37 41 0
38 41 -500
39 41 -296.073704
40 41 0
41 41 1000
42 41 188.519791
43 41 0
44 41 -500
45 41 0
37 42 0
38 42 0
39 42 -500
40 42 -61.7148892
41 42 188.519791
42 42 1078.69688
43 42 61.7148892
44 42 -188.519791
45 42 -500
40 43 -500
41 43 0
42 43 61.7148892
43 43 1700
44 43 3.55271368e-15
45 43 75.1249703
46 43 -500
47 43 -3.55271368e-15
48 43 0
283 43 -700
284 43 0
285 43 0
40 44 0
41 44 -500
42 44 -188.519791
43 44 3.55271368e-15
44 44 1700
45 44 419.727951
46 44 3.55271368e-15
47 44 -500
48 44 0
283 44 0
284 44 -700
285 44 0
40 45 0
41 45 0
42 45 -500
43 45 75.1249703
44 45 419.727951
45 45 1869.62153
46 45 12.2646454
47 45 -233.055923
48 45 -500
283 45 -87.3896157
284 45 -186.672027
285 45 -700
43 46 -500
44 46 3.55271368e-15
45 46 12.2646454
46 46 1000
47 46 -1.0658141e-14
48 46 28.3081306
49 46 -500
50 46 1.42108547e-14
51 46 0
43 47 -3.55271368e-15
44 47 -500
45 47 -233.055923
46 47 -1.0658141e-14
47 47 1000
48 47 137.291238
49 47 -1.42108547e-14
50 47 -500
51 47 0
43 48 0
44 48 0
45 48 -500
46 48 28.3081306
47 48 137.291238
48 48 1039.30047
49 48 -28.3081306
50 48 -137.291238
51 48 -500
46 49 -500
47 49 -1.42108547e-14
48 49 -28.3081306
49 49 1700
50 49 1.42108547e-14
51 49 -142.679321
52 49 -500
53 49 0
54 49 0
289 49 -700
290 49 -2.84217094e-14
291 49 0
46 50 1.42108547e-14
47 50 -500
48 50 -137.291238
49 50 1.42108547e-14
50 50 1700
51 50 725.297942
52 50 0
53 50 -500
54 50 0
289 50 2.84217094e-14
290 50 -700
291 50 0
46 51 0
47 51 0
48 51 -500
49 51 -142.679321
50 51 725.297942
51 51 2183.62141
52 51 128.134101
53 51 -242.796869
54 51 -500
289 51 14.54522
290 51 -482.501073
291 51 -700
49 52 -500
50 52 0
51 52 128.134101
52 52 1000
53 52 -2.84217094e-14
54 52 -7.1161017
55 52 -500
56 52 2.84217094e-14
57 52 0
49 53 0
50 53 -500
51 53 -242.796869
52 53 -2.84217094e-14
53 53 1000
54 53 207.782215
55 53 -2.84217094e-14
56 53 -500
57 53 0
49 54 0
50 54 0
51 54 -500
52 54 -7.1161017
53 54 207.782215
54 54 1086.44818
55 54 7.1161017
56 54 -207.782215
57 54 -500
52 55 -500
53 55 -2.84217094e-14
54 55 7.1161017
55 55 1700
56 55 -5.68434189e-14
57 55 -310.300675
58 55 -500
59 55 2.84217094e-14
60 55 0
295 55 -700
296 55 0
297 55 0
52 56 2.84217094e-14
53 56 -500
54 56 -207.782215
55 56 -5.68434189e-14
56 56 1700
57 56 908.867461
58 56 -2.84217094e-14
59 56 -500
60 56 0
295 56 0
296 56 -700
297 56 0
52 57 0
53 57 0
54 57 -500
55 57 -310.300675
56 57 908.867461
57 57 2750.86784
58 57 120.599948
59 57 -91.900474
60 57 -500
295 57 189.700726
296 57 -816.966987
297 57 -700
55 58 -500
56 58 -2.84217094e-14
57 58 120.599948
58 58 1000
59 58 0
60 58 97.0900357
61 58 -500
62 58 -2.84217094e-14
63 58 0
55 59 2.84217094e-14
56 59 -500
57 59 -91.900474
58 59 0
59 59 1000
60 59 -13.8819421
61 59 2.84217094e-14
62 59 -500
63 59 0
55 60 0
56 60 0
57 60 -500
58 60 97.0900357
59 60 -13.8819421
60 60 1019.23837
61 60 -97.0900357
62 60 13.8819421
63 60 -500
58 61 -500
59 61 2.84217094e-14
60 61 -97.0900357
61 61 1700
62 61 2.84217094e-14
63 61 -519.467867
64 61 -500
65 61 0
66 61 0
301 61 -700
302 61 0
303 61 0
58 62 -2.84217094e-14
59 62 -500
60 62 13.8819421
61 62 2.84217094e-14
62 62 1700
63 62 1114.21323
64 62 0
65 62 -500
66 62 0
301 62 0
302 62 -700
303 62 0
58 63 0
59 63 0
60 63 -500
61 63 -519.467867
62 63 1114.21323
63 63 3581.40055
64 63 97.9191506
65 63 -55.1598844
66 63 -500
301 63 421.548716
302 63 -1059.05334
303 63 -700
61 64 -500
62 64 0
63 64 97.9191506
64 64 1000
65 64 0
66 64 -176.772575
67 64 -500
68 64 0
69 64 0
61 65 0
62 65 -500
63 65 -55.1598844
64 65 0
65 65 1000
66 65 124.946952
67 65 0
68 65 -500
69 65 0
61 66 0
62 66 0
63 66 -500
64 66 -176.772575
65 66 124.946952
66 66 1093.72057
67 66 176.772575
68 66 -124.946952
69 66 -500
64 67 -500
65 67 0
66 67 176.772575
67 67 1700
68 67 -8.52651283e-14
69 67 -892.488329
70 67 -500
71 67 2.84217094e-14
72 67 0
307 67 -700
308 67 5.68434189e-14
309 67 0
64 68 0
65 68 -500
66 68 -124.946952
67 68 -8.52651283e-14
68 68 1700
69 68 1277.70976
70 68 -2.84217094e-14
71 68 -500
72 68 0
307 68 -5.68434189e-14
308 68 -700
309 68 0
64 69 0
65 69 0
66 69 -500
67 69 -892.488329
68 69 1277.70976
69 69 4648.23896
70 69 199.064708
71 69 -42.8481682
72 69 -500
307 69 693.423621
308 69 -1234.86159
309 69 -700
67 70 -500
68 70 -2.84217094e-14
69 70 199.064708
70 70 1000
71 70 0
72 70 -195.957002
73 70 -500
74 70 -2.84217094e-14
75 70 0
67 71 2.84217094e-14
68 71 -500
69 71 -42.8481682
70 71 0
71 71 1000
72 71 68.8034833
73 71 2.84217094e-14
74 71 -500
75 71 0
67 72 0
68 72 0
69 72 -500
70 72 -195.957002
71 72 68.8034833
72 72 1086.26613
73 72 195.957002
74 72 -68.8034833
75 72 -500
70 73 -500
71 73 2.84217094e-14
72 73 195.957002
73 73 1700
74 73 2.84217094e-14
75 73 -1027.09324
76 73 -500
77 73 0
78 73 0
313 73 -700
314 73 0
315 73 0
70 74 -2.84217094e-14
71 74 -500
72 74 -68.8034833
73 74 2.84217094e-14
74 74 1700
75 74 1487.04986
76 74 0
77 74 -500
78 74 0
313 74 0
314 74 -700
315 74 0
70 75 0
71 75 0
72 75 -500
73 75 -1027.09324
74 75 1487.04986
75 75 5945.16489
76 75 183.665533
77 75 0.571876483
78 75 -500
313 75 843.427705
314 75 -1487.62174
315 75 -700
73 76 -500
74 76 0
75 76 183.665533
76 76 1000
77 76 0
78 76 -139.938284
79 76 -500
80 76 0
81 76 0
73 77 0
74 77 -500
75 77 0.571876483
76 77 0
77 77 1000
78 77 -74.5265225
79 77 0
80 77 -500
81 77 0
73 78 0
74 78 0
75 78 -500
76 78 -139.938284
77 78 -74.5265225
78 78 1050.27385
79 78 139.938284
80 78 74.5265225
81 78 -500
76 79 -500
77 79 0
78 79 139.938284
79 79 1700
80 79 0
81 79 -1163.53368
82 79 -500
83 79 0
84 79 0
319 79 -700
320 79 0
321 79 0
76 80 0
77 80 -500
78 80 74.5265225
79 80 0
80 80 1700
81 80 1504.55431
82 80 0
83 80 -500
84 80 0
319 80 0
320 80 -700
321 80 0
76 81 0
77 81 0
78 81 -500
79 81 -1163.53368
80 81 1504.55431
81 81 6892.27628
82 81 107.825047
83 81 75.2757255
84 81 -500
319 81 1055.70863
320 81 -1579.83004
321 81 -700
79 82 -500
80 82 0
81 82 107.825047
82 82 1000
83 82 -1.42108547e-14
84 82 -203.858321
85 82 -500
86 82 1.42108547e-14
87 82 0
79 83 0
80 83 -500
81 83 75.2757255
82 83 -1.42108547e-14
83 83 1000
84 83 -136.089575
85 83 -1.42108547e-14
86 83 -500
87 83 0
79 84 0
80 84 0
81 84 -500
82 84 -203.858321
83 84 -136.089575
84 84 1120.15718
85 84 203.858321
86 84 136.089575
87 84 -500
82 85 -500
83 85 -1.42108547e-14
84 85 203.858321
85 85 1700
86 85 1.42108547e-14
87 85 -1773.25142
88 85 -500
89 85 -2.84217094e-14
90 85 0
325 85 -700
326 85 0
327 85 0
82 86 1.42108547e-14
83 86 -500
84 86 136.089575
85 86 1.42108547e-14
86 86 1700
87 86 1728.41861
88 86 2.84217094e-14
89 86 -500
90 86 0
325 86 0
326 86 -700
327 86 0
82 87 0
83 87 0
84 87 -500
85 87 -1773.25142
86 87 1728.41861
87 87 8908.61328
88 87 510.605801
89 87 28.1798083
90 87 -500
325 87 1262.64561
326 87 -1756.59842
327 87 -700
85 88 -500
86 88 2.84217094e-14
87 88 510.605801
88 88 1000
89 88 4.26325641e-14
90 88 -7.23597559
91 88 -500
92 88 -1.42108547e-14
93 88 0
85 89 -2.84217094e-14
86 89 -500
87 89 28.1798083
88 89 4.26325641e-14
89 89 1000
90 89 25.5953447
91 89 1.42108547e-14
92 89 -500
93 89 0
85 90 0
86 90 0
87 90 -500
88 90 -7.23597559
89 90 25.5953447
90 90 1001.41496
91 90 7.23597559
92 90 -25.5953447
93 90 -500
88 91 -500
89 91 1.42108547e-14
90 91 7.23597559
91 91 1700
92 91 1.42108547e-14
93 91 88.6042725
94 91 -500
95 91 -2.84217094e-14
96 91 0
331 91 -700
332 91 2.84217094e-14
333 91 0
88 92 -1.42108547e-14
89 92 -500
90 92 -25.5953447
91 92 1.42108547e-14
92 92 1700
93 92 571.004379
94 92 2.84217094e-14
95 92 -500
96 92 0
331 92 -2.84217094e-14
332 92 -700
333 92 0
88 93 0
89 93 0
90 93 -500
91 93 88.6042725
92 93 571.004379
93 93 2429.71776
94 93 230.615232
95 93 7.24395497
96 93 -500
331 93 -319.219504
332 93 -578.248334
333 93 -700
91 94 -500
92 94 2.84217094e-14
93 94 230.615232
94 94 1000
95 94 2.84217094e-14
96 94 -170.294853
97 94 -500
98 94 0
99 94 0
91 95 -2.84217094e-14
92 95 -500
93 95 7.24395497
94 95 2.84217094e-14
95 95 1000
96 95 -41.6748833
97 95 0
98 95 -500
99 95 0
91 96 0
92 96 0
93 96 -500
94 96 -170.294853
95 96 -41.6748833
96 96 1061.47427
97 96 170.294853
98 96 41.6748833
99 96 -500
94 97 -500
95 97 0
96 97 170.294853
97 97 1700
98 97 0
99 97 153.602966
100 97 -500
101 97 0
102 97 0
337 97 -700
338 97 0
339 97 0
94 98 0
95 98 -500
96 98 41.6748833
97 98 0
98 98 1700
99 98 630.90843
100 98 0
101 98 -500
102 98 0
337 98 0
338 98 -700
339 98 0
94 99 0
95 99 0
96 99 -500
97 99 153.602966
98 99 630.90843
99 99 2360.19698
100 99 117.77811
101 99 -24.0648996
102 99 -500
337 99 -271.381076
338 99 -606.843531
339 99 -700
97 100 -500
98 100 0
99 100 117.77811
100 100 1000
101 100 -2.84217094e-14
102 100 -156.034775
103 100 -500
104 100 2.84217094e-14
105 100 0
97 101 0
98 101 -500
99 101 -24.0648996
100 101 -2.84217094e-14
101 101 1000
102 101 -174.786174
103 101 -2.84217094e-14
104 101 -500
105 101 0
97 102 0
98 102 0
99 102 -500
100 102 -156.034775
101 102 -174.786174
102 102 1109.79412
103 102 156.034775
104 102 174.786174
105 102 -500
100 103 -500
101 103 -2.84217094e-14
102 103 156.034775
103 103 1700
104 103 -2.84217094e-14
105 103 -70.2688141
106 103 -500
107 103 0
108 103 0
343 103 -700
344 103 0
345 103 0
100 104 2.84217094e-14
101 104 -500
102 104 174.786174
103 104 -2.84217094e-14
104 104 1700
105 104 530.530337
106 104 0
107 104 -500
108 104 0
343 104 0
344 104 -700
345 104 0
100 105 0
101 105 0
102 105 -500
103 105 -70.2688141
104 105 530.530337
105 105 2443.33354
106 105 171.077732
107 105 135.439024
108 105 -500
343 105 -100.808918
344 105 -665.969361
345 105 -700
103 106 -500
104 106 0
105 106 171.077732
106 106 1000
107 106 2.84217094e-14
108 106 -65.9840277
109 106 -500
110 106 -2.84217094e-14
111 106 0
103 107 0
104 107 -500
105 107 135.439024
106 107 2.84217094e-14
107 107 1000
108 107 -163.66856
109 107 2.84217094e-14
110 107 -500
111 107 0
103 108 0
104 108 0
105 108 -500
106 108 -65.9840277
107 108 -163.66856
108 108 1062.28258
109 108 65.9840277
110 108 163.66856
111 108 -500
106 109 -500
107 109 2.84217094e-14
108 109 65.9840277
109 109 1700
110 109 5.68434189e-14
111 109 -213.058326
112 109 -500
113 109 -2.84217094e-14
114 109 0
349 109 -700
350 109 0
351 109 0
106 110 -2.84217094e-14
107 110 -500
108 110 163.66856
109 110 5.68434189e-14
110 110 1700
111 110 505.242628
112 110 2.84217094e-14
113 110 -500
114 110 0
349 110 0
350 110 -700
351 110 0
106 111 0
107 111 0
108 111 -500
109 111 -213.058326
110 111 505.242628
111 111 2486.13863
112 111 7.30019454
113 111 176.230682
114 111 -500
349 111 205.758132
350 111 -681.473309
351 111 -700
109 112 -500
110 112 2.84217094e-14
111 112 7.30019454
112 112 1000
113 112 2.79776202e-14
114 112 98.8852364
115 112 -500
116 112 4.4408921e-16
117 112 0
109 113 -2.84217094e-14
110 113 -500
111 113 176.230682
112 113 2.79776202e-14
113 113 1000
114 113 -286.173753
115 113 -4.4408921e-16
116 113 -500
117 113 0
109 114 0
110 114 0
111 114 -500
112 114 98.8852364
113 114 -286.173753
114 114 1183.34741
115 114 -98.8852364
116 114 286.173753
117 114 -500
112 115 -500
113 115 -4.4408921e-16
114 115 -98.8852364
115 115 1700
116 115 -4.4408921e-16
117 115 -1256.07131
118 115 -500
119 115 0
120 115 0
355 115 -700
356 115 0
357 115 0
112 116 4.4408921e-16
113 116 -500
114 116 286.173753
115 116 -4.4408921e-16
116 116 1700
117 116 1162.7582
118 116 0
119 116 -500
120 116 0
355 116 0
356 116 -700
357 116 0
112 117 0
113 117 0
114 117 -500
115 117 -1256.07131
116 117 1162.7582
117 117 7464.91199
118 117 17.3899349
119 117 360.111237
120 117 -500
355 117 1238.68138
356 117 -1522.86944
357 117 -700
115 118 -500
116 118 0
117 118 17.3899349
118 118 1000
119 118 0
120 118 -119.662095
121 118 -500
122 118 0
123 118 0
115 119 0
116 119 -500
117 119 360.111237
118 119 0
119 119 1000
120 119 -150.296465
121 119 0
122 119 -500
123 119 0
115 120 0
116 120 0
117 120 -500
118 120 -119.662095
119 120 -150.296465
120 120 1073.81609
121 120 119.662095
122 120 150.296465
123 120 -500
118 121 -500
119 121 0
120 121 119.662095
121 121 1000
122 121 0
123 121 -186.398981
124 121 -500
125 121 0
126 121 0
118 122 0
119 122 -500
120 122 150.296465
121 122 0
122 122 1000
123 122 -458.916879
124 122 0
125 122 -500
126 122 0
118 123 0
119 123 0
120 123 -500
121 123 -186.398981
122 123 -458.916879
123 123 1490.69856
124 123 186.398981
125 123 458.916879
126 123 -500
121 124 -500
122 124 0
123 124 186.398981
124 124 1000
125 124 0
126 124 149.895101
127 124 -500
128 124 0
129 124 0
121 125 0
122 125 -500
123 125 458.916879
124 125 0
125 125 1000
126 125 -216.631854
127 125 0
128 125 -500
129 125 0
121 126 0
122 126 0
123 126 -500
124 126 149.895101
125 126 -216.631854
126 126 1138.7958
127 126 -149.895101
128 126 216.631854
129 126 -500
124 127 -500
125 127 0
126 127 -149.895101
127 127 1000
128 127 0
129 127 100.010845
130 127 -500
131 127 0
132 127 0
124 128 0
125 128 -500
126 128 216.631854
127 128 0
128 128 1000
129 128 -302.594082
130 128 0
131 128 -500
132 128 0
124 129 0
125 129 0
126 129 -500
127 129 100.010845
128 129 -302.594082
129 129 1203.1307
130 129 -100.010845
131 129 302.594082
132 129 -500
127 130 -500
128 130 0
129 130 -100.010845
130 130 1000
131 130 -2.84217094e-14
132 130 97.2472291
133 130 -500
134 130 2.84217094e-14
135 130 0
127 131 0
128 131 -500
129 131 302.594082
130 131 -2.84217094e-14
131 131 1000
132 131 -291.429612
133 131 -2.84217094e-14
134 131 -500
135 131 0
127 132 0
128 132 0
129 132 -500
130 132 97.2472291
131 132 -291.429612
132 132 1188.77649
133 132 -97.2472291
134 132 291.429612
135 132 -500
130 133 -500
131 133 -2.84217094e-14
132 133 -97.2472291
133 133 1000
134 133 -2.84217094e-14
135 133 189.995652
136 133 -500
137 133 0
138 133 0
130 134 2.84217094e-14
131 134 -500
132 134 291.429612
133 134 -2.84217094e-14
134 134 1000
135 134 -236.05971
136 134 0
137 134 -500
138 134 0
130 135 0
131 135 0
132 135 -500
133 135 189.995652
134 135 -236.05971
135 135 1183.64507
136 135 -189.995652
137 135 236.05971
138 135 -500
133 136 -500
134 136 0
135 136 -189.995652
136 136 1000
137 136 0
138 136 154.479691
139 136 -500
140 136 0
141 136 0
133 137 0
134 137 -500
135 137 236.05971
136 137 0
137 137 1000
138 137 -192.870041
139 137 0
140 137 -500
141 137 0
133 138 0
134 138 0
135 138 -500
136 138 154.479691
137 138 -192.870041
138 138 1122.12566
139 138 -154.479691
140 138 192.870041
141 138 -500
136 139 -500
137 139 0
138 139 -154.479691
139 139 1000
140 139 0
141 139 -12.8648024
142 139 -500
143 139 0
144 139 0
136 140 0
137 140 -500
138 140 192.870041
139 140 0
140 140 1000
141 140 -339.805303
142 140 0
143 140 -500
144 140 0
136 141 0
137 141 0
138 141 -500
139 141 -12.8648024
140 141 -339.805303
141 141 1231.26629
142 141 12.8648024
143 141 339.805303
144 141 -500
139 142 -500
140 142 0
141 142 12.8648024
142 142 1000
143 142 0
144 142 110.120099
145 142 -500
146 142 0
147 142 0
139 143 0
140 143 -500
141 143 339.805303
142 143 0
143 143 1000
144 143 -269.023068
145 143 0
146 143 -500
147 143 0
139 144 0
140 144 0
141 144 -500
142 144 110.120099
143 144 -269.023068
144 144 1168.99969
145 144 -110.120099
146 144 269.023068
147 144 -500
142 145 -500
143 145 0
144 145 -110.120099
145 145 1000
146 145 3.55271368e-15
147 145 51.0998639
148 145 -500
149 145 -3.55271368e-15
150 145 0
142 146 0
143 146 -500
144 146 269.023068
145 146 3.55271368e-15
146 146 1000
147 146 -335.188585
148 146 3.55271368e-15
149 146 -500
150 146 0
142 147 0
143 147 0
144 147 -500
145 147 51.0998639
146 147 -335.188585
147 147 1229.92517
148 147 -51.0998639
149 147 335.188585
150 147 -500
145 148 -500
146 148 3.55271368e-15
147 148 -51.0998639
148 148 1000
149 148 1.0658141e-14
150 148 -23.886663
151 148 -500
152 148 -7.10542736e-15
153 148 0
145 149 -3.55271368e-15
146 149 -500
147 149 335.188585
148 149 1.0658141e-14
149 149 1000
150 149 -263.737571
151 149 7.10542736e-15
152 149 -500
153 149 0
145 150 0
146 150 0
147 150 -500
148 150 -23.886663
149 150 -263.737571
150 150 1140.25616
151 150 23.886663
152 150 263.737571
153 150 -500
148 151 -500
149 151 7.10542736e-15
150 151 23.886663
151 151 1000
152 151 7.10542736e-15
153 151 -0.146090855
154 151 -500
155 151 0
156 151 0
148 152 -7.10542736e-15
149 152 -500
150 152 263.737571
151 152 7.10542736e-15
152 152 1000
153 152 -277.732149
154 152 0
155 152 -500
156 152 0
148 153 0
149 153 0
150 153 -500
151 153 -0.146090855
152 153 -277.732149
153 153 1154.27034
154 153 0.146090855
155 153 277.732149
156 153 -500
151 154 -500
152 154 0
153 154 0.146090855
154 154 1000
155 154 0
156 154 -114.846753
157 154 -500
158 154 0
159 154 0
151 155 0
152 155 -500
153 155 277.732149
154 155 0
155 155 1000
156 155 -193.977415
157 155 0
158 155 -500
159 155 0
151 156 0
152 156 0
153 156 -500
154 156 -114.846753
155 156 -193.977415
156 156 1101.63403
157 156 114.846753
158 156 193.977415
159 156 -500
154 157 -500
155 157 0
156 157 114.846753
157 157 1000
158 157 2.84217094e-14
159 157 -87.7686138
160 157 -500
161 157 -2.84217094e-14
162 157 0
154 158 0
155 158 -500
156 158 193.977415
157 158 2.84217094e-14
158 158 1000
159 158 -126.933537
160 158 2.84217094e-14
161 158 -500
162 158 0
154 159 0
155 159 0
156 159 -500
157 159 -87.7686138
158 159 -126.933537
159 159 1047.6309
160 159 87.7686138
161 159 126.933537
162 159 -500
157 160 -500
158 160 2.84217094e-14
159 160 87.7686138
160 160 1000
161 160 2.84217094e-14
162 160 -157.078253
163 160 -500
164 160 0
165 160 0
157 161 -2.84217094e-14
158 161 -500
159 161 126.933537
160 161 2.84217094e-14
161 161 1000
162 161 -180.870797
163 161 0
164 161 -500
165 161 0
157 162 0
158 162 0
159 162 -500
160 162 -157.078253
161 162 -180.870797
162 162 1114.77565
163 162 157.078253
164 162 180.870797
165 162 -500
160 163 -500
161 163 0
162 163 157.078253
163 163 1000
164 163 1.42108547e-14
165 163 -231.297752
166 163 -500
167 163 -1.42108547e-14
168 163 0
160 164 0
161 164 -500
162 164 180.870797
163 164 1.42108547e-14
164 164 1000
165 164 -65.9685925
166 164 1.42108547e-14
167 164 -500
168 164 0
160 165 0
161 165 0
162 165 -500
163 165 -231.297752
164 165 -65.9685925
165 165 1115.70101
166 165 231.297752
167 165 65.9685925
168 165 -500
163 166 -500
164 166 1.42108547e-14
165 166 231.297752
166 166 1000
167 166 1.42108547e-14
168 166 -216.107536
169 166 -500
170 166 0
171 166 0
163 167 -1.42108547e-14
164 167 -500
165 167 65.9685925
166 167 1.42108547e-14
167 167 1000
168 167 -34.7091912
169 167 0
170 167 -500
171 167 0
163 168 0
164 168 0
165 168 -500
166 168 -216.107536
167 168 -34.7091912
168 168 1095.81439
169 168 216.107536
170 168 34.7091912
171 168 -500
166 169 -500
167 169 0
168 169 216.107536
169 169 1000
170 169 0
171 169 -189.425435
172 169 -500
173 169 0
174 169 0
166 170 0
167 170 -500
168 170 34.7091912
169 170 0
170 170 1000
171 170 -29.6158163
172 170 0
173 170 -500
174 170 0
166 171 0
167 171 0
168 171 -500
169 171 -189.425435
170 171 -29.6158163
171 171 1073.51818
172 171 189.425435
173 171 29.6158163
174 171 -500
169 172 -500
170 172 0
171 172 189.425435
172 172 1000
173 172 2.84217094e-14
174 172 -150.513753
175 172 -500
176 172 -2.84217094e-14
177 172 0
169 173 0
170 173 -500
171 173 29.6158163
172 173 2.84217094e-14
173 173 1000
174 173 126.10901
175 173 2.84217094e-14
176 173 -500
177 173 0
169 174 0
170 174 0
171 174 -500
172 174 -150.513753
173 174 126.10901
174 174 1077.11574
175 174 150.513753
176 174 -126.10901
177 174 -500
172 175 -500
173 175 2.84217094e-14
174 175 150.513753
175 175 1000
176 175 2.84217094e-14
177 175 -56.4518434
178 175 -500
179 175 0
180 175 0
172 176 -2.84217094e-14
173 176 -500
174 176 -126.10901
175 176 2.84217094e-14
176 176 1000
177 176 152.169305
178 176 0
179 176 -500
180 176 0
172 177 0
173 177 0
174 177 -500
175 177 -56.4518434
176 177 152.169305
177 177 1052.68462
178 177 56.4518434
179 177 -152.169305
180 177 -500
175 178 -500
176 178 0
177 178 56.4518434
178 178 1000
179 178 0
180 178 -34.1498474
181 178 -500
182 178 0
183 178 0
175 179 0
176 179 -500
177 179 -152.169305
178 179 0
179 179 1000
180 179 -60.3393086
181 179 0
182 179 -500
183 179 0
175 180 0
176 180 0
177 180 -500
178 180 -34.1498474
179 180 -60.3393086
180 180 1009.61409
181 180 34.1498474
182 180 60.3393086
183 180 -500
178 181 -500
179 181 0
180 181 34.1498474
181 181 1000
182 181 0
183 181 -62.0056327
184 181 -500
185 181 0
186 181 0
178 182 0
179 182 -500
180 182 60.3393086
181 182 0
182 182 1000
183 182 141.161737
184 182 0
185 182 -500
186 182 0
178 183 0
179 183 0
180 183 -500
181 183 -62.0056327
182 183 141.161737
183 183 1047.54267
184 183 62.0056327
185 183 -141.161737
186 183 -500
181 184 -500
182 184 0
183 184 62.0056327
184 184 1000
185 184 0
186 184 -62.7736961
187 184 -500
188 184 0
189 184 0
181 185 0
182 185 -500
183 185 -141.161737
184 185 0
185 185 1000
186 185 49.3287713
187 185 0
188 185 -500
189 185 0
181 186 0
182 186 0
183 186 -500
184 186 -62.7736961
185 186 49.3287713
186 186 1012.74773
187 186 62.7736961
188 186 -49.3287713
189 186 -500
184 187 -500
185 187 0
186 187 62.7736961
187 187 1000
188 187 -2.84217094e-14
189 187 3.12919652
190 187 -500
191 187 2.84217094e-14
192 187 0
184 188 0
185 188 -500
186 188 -49.3287713
187 188 -2.84217094e-14
188 188 1000
189 188 54.7566752
190 188 -2.84217094e-14
191 188 -500
192 188 0
184 189 0
185 189 0
186 189 -500
187 189 3.12919652
188 189 54.7566752
189 189 1006.01617
190 189 -3.12919652
191 189 -54.7566752
192 189 -500
187 190 -500
188 190 -2.84217094e-14
189 190 -3.12919652
190 190 1000
191 190 -5.68434189e-14
192 190 46.8063239
193 190 -500
194 190 2.84217094e-14
195 190 0
187 191 2.84217094e-14
188 191 -500
189 191 -54.7566752
190 191 -5.68434189e-14
191 191 1000
192 191 7.33813161
193 191 -2.84217094e-14
194 191 -500
195 191 0
187 192 0
188 192 0
189 192 -500
190 192 46.8063239
191 192 7.33813161
192 192 1004.48936
193 192 -46.8063239
194 192 -7.33813161
195 192 -500
190 193 -500
191 193 -2.84217094e-14
192 193 -46.8063239
193 193 1000
194 193 -2.84217094e-14
195 193 -66.3138933
196 193 -500
197 193 0
198 193 0
190 194 2.84217094e-14
191 194 -500
192 194 -7.33813161
193 194 -2.84217094e-14
194 194 1000
195 194 -61.5386041
196 194 0
197 194 -500
198 194 0
190 195 0
191 195 0
192 195 -500
193 195 -66.3138933
194 195 -61.5386041
195 195 1016.36906
196 195 66.3138933
197 195 61.5386041
198 195 -500
193 196 -500
194 196 0
195 196 66.3138933
196 196 1000
197 196 0
198 196 127.987135
199 196 -500
200 196 0
201 196 0
193 197 0
194 197 -500
195 197 61.5386041
196 197 0
197 197 1000
198 197 -17.1789023
199 197 0
200 197 -500
201 197 0
193 198 0
194 198 0
195 198 -500
196 198 127.987135
197 198 -17.1789023
198 198 1033.35164
199 198 -127.987135
200 198 17.1789023
201 198 -500
196 199 -500
197 199 0
198 199 -127.987135
199 199 1000
200 199 0
201 199 206.089161
202 199 -500
203 199 0
204 199 0
196 200 0
197 200 -500
198 200 17.1789023
199 200 0
200 200 1000
201 200 6.58094034
202 200 0
203 200 -500
204 200 0
196 201 0
197 201 0
198 201 -500
199 201 206.089161
200 201 6.58094034
201 201 1085.0321
202 201 -206.089161
203 201 -6.58094034
204 201 -500
199 202 -500
200 202 0
201 202 -206.089161
202 202 1000
203 202 0
204 202 127.868763
205 202 -500
206 202 0
207 202 0
199 203 0
200 203 -500
201 203 -6.58094034
202 203 0
203 203 1000
204 203 -39.0821753
205 203 0
206 203 -500
207 203 0
199 204 0
200 204 0
201 204 -500
202 204 127.868763
203 204 -39.0821753
204 204 1035.75567
205 204 -127.868763
206 204 39.0821753
207 204 -500
202 205 -500
203 205 0
204 205 -127.868763
205 205 1000
206 205 0
207 205 169.463232
208 205 -500
209 205 0
210 205 0
202 206 0
203 206 -500
204 206 39.0821753
205 206 0
206 206 1000
207 206 -33.3901462
208 206 0
209 206 -500
210 206 0
202 207 0
203 207 0
204 207 -500
205 207 169.463232
206 207 -33.3901462
207 207 1059.66538
208 207 -169.463232
209 207 33.3901462
210 207 -500
205 208 -500
206 208 0
207 208 -169.463232
208 208 1000
209 208 0
210 208 550.996029
211 208 -500
212 208 0
213 208 0
205 209 0
206 209 -500
207 209 33.3901462
208 209 0
209 209 1000
210 209 -257.630767
211 209 0
212 209 -500
213 209 0
205 210 0
206 210 0
207 210 -500
208 210 550.996029
209 210 -257.630767
210 210 1739.94047
211 210 -550.996029
212 210 257.630767
213 210 -500
208 211 -500
209 211 0
210 211 -550.996029
211 211 1000
212 211 0
213 211 310.850832
214 211 -500
215 211 0
216 211 0
208 212 0
209 212 -500
210 212 257.630767
211 212 0
212 212 1000
213 212 47.4323686
214 212 0
215 212 -500
216 212 0
208 213 0
209 213 0
210 213 -500
211 213 310.850832
212 213 47.4323686
213 213 1197.75614
214 213 -310.850832
215 213 -47.4323686
216 213 -500
211 214 -500
212 214 0
213 214 -310.850832
214 214 1000
215 214 0
216 214 207.072192
217 214 -500
218 214 0
219 214 0
211 215 0
212 215 -500
213 215 -47.4323686
214 215 0
215 215 1000
216 215 45.2531306
217 215 0
218 215 -500
219 215 0
211 216 0
212 216 0
213 216 -500
214 216 207.072192
215 216 45.2531306
216 216 1089.85348
217 216 -207.072192
218 216 -45.2531306
219 216 -500
214 217 -500
215 217 0
216 217 -207.072192
217 217 1000
218 217 -1.42108547e-14
219 217 253.692648
220 217 -500
221 217 1.42108547e-14
222 217 0
214 218 0
215 218 -500
216 218 -45.2531306
217 218 -1.42108547e-14
218 218 1000
219 218 -37.9416937
220 218 -1.42108547e-14
221 218 -500
222 218 0
214 219 0
215 219 0
216 219 -500
217 219 253.692648
218 219 -37.9416937
219 219 1131.59906
220 219 -253.692648
221 219 37.9416937
222 219 -500
217 220 -500
218 220 -1.42108547e-14
219 220 -253.692648
220 220 1000
221 220 -1.42108547e-14
222 220 174.151799
223 220 -500
224 220 0
225 220 0
217 221 1.42108547e-14
218 221 -500
219 221 37.9416937
220 221 -1.42108547e-14
221 221 1000
222 221 64.7018048
223 221 0
224 221 -500
225 221 0
217 222 0
218 222 0
219 222 -500
220 222 174.151799
221 222 64.7018048
222 222 1069.03035
223 222 -174.151799
224 222 -64.7018048
225 222 -500
220 223 -500
221 223 0
222 223 -174.151799
223 223 1000
224 223 0
225 223 249.168893
226 223 -500
227 223 0
228 223 0
220 224 0
221 224 -500
222 224 -64.7018048
223 224 0
224 224 1000
225 224 103.332064
226 224 0
227 224 -500
228 224 0
220 225 0
221 225 0
222 225 -500
223 225 249.168893
224 225 103.332064
225 225 1145.52531
226 225 -249.168893
227 225 -103.332064
228 225 -500
223 226 -500
224 226 0
225 226 -249.168893
226 226 1000
227 226 0
228 226 186.691883
229 226 -500
230 226 0
231 226 0
223 227 0
224 227 -500
225 227 -103.332064
226 227 0
227 227 1000
228 227 57.5234201
229 227 0
230 227 -500
231 227 0
223 228 0
224 228 0
225 228 -500
226 228 186.691883
227 228 57.5234201
228 228 1076.32561
229 228 -186.691883
230 228 -57.5234201
231 228 -500
226 229 -500
227 229 0
228 229 -186.691883
229 229 1000
230 229 2.84217094e-14
231 229 166.475025
232 229 -500
233 229 -2.84217094e-14
234 229 0
226 230 0
227 230 -500
228 230 -57.5234201
229 230 2.84217094e-14
230 230 1000
231 230 142.728457
232 230 2.84217094e-14
233 230 -500
234 230 0
226 231 0
227 231 0
228 231 -500
229 231 166.475025
230 231 142.728457
231 231 1096.17069
232 231 -166.475025
233 231 -142.728457
234 231 -500
229 232 -500
230 232 2.84217094e-14
231 232 -166.475025
232 232 1000
233 232 2.84217094e-14
234 232 153.967176
235 232 -500
236 232 0
237 232 0
229 233 -2.84217094e-14
230 233 -500
231 233 -142.728457
232 233 2.84217094e-14
233 233 1000
234 233 143.657364
235 233 0
236 233 -500
237 233 0
229 234 0
230 234 0
231 234 -500
232 234 153.967176
233 234 143.657364
234 234 1088.68666
235 234 -153.967176
236 234 -143.657364
237 234 -500
232 235 -500
233 235 0
234 235 -153.967176
235 235 1000
236 235 -2.84217094e-14
237 235 65.3116746
238 235 -500
239 235 2.84217094e-14
240 235 0
232 236 0
233 236 -500
234 236 -143.657364
235 236 -2.84217094e-14
236 236 1000
237 236 186.190397
238 236 -2.84217094e-14
239 236 -500
240 236 0
232 237 0
233 237 0
234 237 -500
235 237 65.3116746
236 237 186.190397
237 237 1077.86496
238 237 -65.3116746
239 237 -186.190397
240 237 -500
235 238 -500
236 238 -2.84217094e-14
237 238 -65.3116746
238 238 1000
239 238 -2.84217094e-14
240 238 0.114489776
241 238 -500
242 238 0
243 238 0
235 239 2.84217094e-14
236 239 -500
237 239 -186.190397
238 239 -2.84217094e-14
239 239 1000
240 239 -10.8836204
241 239 0
242 239 -500
243 239 0
235 240 0
236 240 0
237 240 -500
238 240 0.114489776
239 240 -10.8836204
240 240 1000.23693
241 240 -0.114489776
242 240 10.8836204
243 240 -500
1 241 -700
2 241 -5.68434189e-14
3 241 309.791508
238 241 -500
239 241 0
240 241 -0.114489776
241 241 1700
242 241 -5.68434189e-14
243 241 124.674459
244 241 -500
245 241 0
246 241 0
1 242 5.68434189e-14
2 242 -700
3 242 623.390025
238 242 0
239 242 -500
240 242 10.8836204
241 242 -5.68434189e-14
242 242 1700
243 242 228.510077
244 242 0
245 242 -500
246 242 0
1 243 0
2 243 0
3 243 -700
238 243 0
239 243 0
240 243 -500
241 243 124.674459
242 243 228.510077
243 243 1835.52115
244 243 -124.674459
245 243 -228.510077
246 243 -500
241 244 -500
242 244 0
243 244 -124.674459
244 244 1000
245 244 0
246 244 168.736063
247 244 -500
248 244 0
249 244 0
241 245 0
242 245 -500
243 245 -228.510077
244 245 0
245 245 1000
246 245 206.503782
247 245 0
248 245 -500
249 245 0
241 246 0
242 246 0
243 246 -500
244 246 168.736063
245 246 206.503782
246 246 1142.23134
247 246 -168.736063
248 246 -206.503782
249 246 -500
7 247 -700
8 247 -5.68434189e-14
9 247 176.929655
244 247 -500
245 247 0
246 247 -168.736063
247 247 1700
248 247 -5.68434189e-14
249 247 96.8265009
250 247 -500
251 247 0
252 247 0
7 248 5.68434189e-14
8 248 -700
9 248 521.489824
244 248 0
245 248 -500
246 248 -206.503782
247 248 -5.68434189e-14
248 248 1700
249 248 232.548458
250 248 0
251 248 -500
252 248 0
7 249 0
8 249 0
9 249 -700
244 249 0
245 249 0
246 249 -500
247 249 96.8265009
248 249 232.548458
249 249 1826.90831
250 249 -96.8265009
251 249 -232.548458
252 249 -500
247 250 -500
248 250 0
249 250 -96.8265009
250 250 1000
251 250 0
252 250 60.1130165
253 250 -500
254 250 0
255 250 0
247 251 0
248 251 -500
249 251 -232.548458
250 251 0
251 251 1000
252 251 189.953248
253 251 0
254 251 -500
255 251 0
247 252 0
248 252 0
249 252 -500
250 252 60.1130165
251 252 189.953248
252 252 1079.39162
253 252 -60.1130165
254 252 -189.953248
255 252 -500
13 253 -700
14 253 0
15 253 161.480473
250 253 -500
251 253 0
252 253 -60.1130165
253 253 1700
254 253 0
255 253 80.1156065
256 253 -500
257 253 0
258 253 0
13 254 0
14 254 -700
15 254 418.299429
250 254 0
251 254 -500
252 254 -189.953248
253 254 0
254 254 1700
255 254 279.440435
256 254 0
257 254 -500
258 254 0
13 255 0
14 255 0
15 255 -700
250 255 0
251 255 0
252 255 -500
253 255 80.1156065
254 255 279.440435
255 255 1869.01093
256 255 -80.1156065
257 255 -279.440435
258 255 -500
253 256 -500
254 256 0
255 256 -80.1156065
256 256 1000
257 256 0
258 256 54.3845779
259 256 -500
260 256 0
261 256 0
253 257 0
254 257 -500
255 257 -279.440435
256 257 0
257 257 1000
258 257 296.665595
259 257 0
260 257 -500
261 257 0
253 258 0
254 258 0
255 258 -500
256 258 54.3845779
257 258 296.665595
258 258 1181.93632
259 258 -54.3845779
260 258 -296.665595
261 258 -500
19 259 -700
20 259 0
21 259 29.3902921
256 259 -500
257 259 0
258 259 -54.3845779
259 259 1700
260 259 0
261 259 70.1197294
262 259 -500
263 259 0
264 259 0
19 260 0
20 260 -700
21 260 374.573677
256 260 0
257 260 -500
258 260 -296.665595
259 260 0
260 260 1700
261 260 372.535065
262 260 0
263 260 -500
264 260 0
19 261 0
20 261 0
21 261 -700
256 261 0
257 261 0
258 261 -500
259 261 70.1197294
260 261 372.535065
261 261 1987.3983
262 261 -70.1197294
263 261 -372.535065
264 261 -500
259 262 -500
260 262 0
261 262 -70.1197294
262 262 1000
263 262 0
264 262 34.1526265
265 262 -500
266 262 0
267 262 0
259 263 0
260 263 -500
261 263 -372.535065
262 263 0
263 263 1000
264 263 226.23085
265 263 0
266 263 -500
267 263 0
259 264 0
260 264 0
261 264 -500
262 264 34.1526265
263 264 226.23085
264 264 1104.6936
265 264 -34.1526265
266 264 -226.23085
267 264 -500
25 265 -700
26 265 0
27 265 -33.406952
262 265 -500
263 265 0
264 265 -34.1526265
265 265 1700
266 265 0
267 265 31.9070851
268 265 -500
269 265 0
270 265 0
25 266 0
26 266 -700
27 266 186.225162
262 266 0
263 266 -500
264 266 -226.23085
265 266 0
266 266 1700
267 266 301.206678
268 266 0
269 266 -500
270 266 0
25 267 0
26 267 0
27 267 -700
262 267 0
263 267 0
264 267 -500
265 267 31.9070851
266 267 301.206678
267 267 1883.48705
268 267 -31.9070851
269 267 -301.206678
270 267 -500
265 268 -500
266 268 0
267 268 -31.9070851
268 268 1000
269 268 0
270 268 34.2598147
271 268 -500
272 268 0
273 268 0
265 269 0
266 269 -500
267 269 -301.206678
268 269 0
269 269 1000
270 269 344.960733
271 269 0
272 269 -500
273 269 0
265 270 0
266 270 0
267 270 -500
268 270 34.2598147
269 270 344.960733
270 270 1240.34329
271 270 -34.2598147
272 270 -344.960733
273 270 -500
31 271 -700
32 271 0
33 271 -158.043702
268 271 -500
269 271 0
270 271 -34.2598147
271 271 1700
272 271 0
273 271 -40.3237857
274 271 -500
275 271 0
276 271 0
31 272 0
32 272 -700
33 272 -50.3559368
268 272 0
269 272 -500
270 272 -344.960733
271 272 0
272 272 1700
273 272 237.063534
274 272 0
275 272 -500
276 272 0
31 273 0
32 273 0
33 273 -700
268 273 0
269 273 0
270 273 -500
271 273 -40.3237857
272 273 237.063534
273 273 1815.65025
274 273 40.3237857
275 273 -237.063534
276 273 -500
271 274 -500
272 274 0
273 274 40.3237857
274 274 1000
275 274 0
276 274 67.9605308
277 274 -500
278 274 0
279 274 0
271 275 0
272 275 -500
273 275 -237.063534
274 275 0
275 275 1000
276 275 273.505262
277 275 0
278 275 -500
279 275 0
271 276 0
272 276 0
273 276 -500
274 276 67.9605308
275 276 273.505262
276 276 1158.84752
277 276 -67.9605308
278 276 -273.505262
279 276 -500
37 277 -700
38 277 0
39 277 -153.988941
274 277 -500
275 277 0
276 277 -67.9605308
277 277 1700
278 277 0
279 277 5.65972856
280 277 -500
281 277 0
282 277 0
37 278 0
38 278 -700
39 278 -137.237294
274 278 0
275 278 -500
276 278 -273.505262
277 278 0
278 278 1700
279 278 202.267792
280 278 0
281 278 -500
282 278 0
37 279 0
38 279 0
39 279 -700
274 279 0
275 279 0
276 279 -500
277 279 5.65972856
278 279 202.267792
279 279 1781.88858
280 279 -5.65972856
281 279 -202.267792
282 279 -500
277 280 -500
278 280 0
279 280 -5.65972856
280 280 1000
281 280 0
282 280 -4.00944041
283 280 -500
284 280 0
285 280 0
277 281 0
278 281 -500
279 281 -202.267792
280 281 0
281 281 1000
282 281 317.636227
283 281 0
284 281 -500
285 281 0
277 282 0
278 282 0
279 282 -500
280 282 -4.00944041
281 282 317.636227
282 282 1201.8177
283 282 4.00944041
284 282 -317.636227
285 282 -500
43 283 -700
44 283 0
45 283 -87.3896157
280 283 -500
281 283 0
282 283 4.00944041
283 283 1700
284 283 0
285 283 70.5215523
286 283 -500
287 283 0
288 283 0
43 284 0
44 284 -700
45 284 -186.672027
280 284 0
281 284 -500
282 284 -317.636227
283 284 0
284 284 1700
285 284 296.570345
286 284 0
287 284 -500
288 284 0
43 285 0
44 285 0
45 285 -700
280 285 0
281 285 0
282 285 -500
283 285 70.5215523
284 285 296.570345
285 285 1885.85452
286 285 -70.5215523
287 285 -296.570345
288 285 -500
283 286 -500
284 286 0
285 286 -70.5215523
286 286 1000
287 286 0
288 286 -127.288664
289 286 -500
290 286 0
291 286 0
283 287 0
284 287 -500
285 287 -296.570345
286 287 0
287 287 1000
288 287 285.083278
289 287 0
290 287 -500
291 287 0
283 288 0
284 288 0
285 288 -500
286 288 -127.288664
287 288 285.083278
288 288 1194.94976
289 288 127.288664
290 288 -285.083278
291 288 -500
49 289 -700
50 289 2.84217094e-14
51 289 14.54522
286 289 -500
287 289 0
288 289 127.288664
289 289 1700
290 289 4.26325641e-14
291 289 -157.672691
292 289 -500
293 289 -1.42108547e-14
294 289 0
49 290 -2.84217094e-14
50 290 -700
51 290 -482.501073
286 290 0
287 290 -500
288 290 -285.083278
289 290 4.26325641e-14
290 290 1700
291 290 297.087
292 290 1.42108547e-14
293 290 -500
294 290 0
49 291 0
50 291 0
51 291 -700
286 291 0
287 291 0
288 291 -500
289 291 -157.672691
290 291 297.087
291 291 1926.24273
292 291 157.672691
293 291 -297.087
294 291 -500
289 292 -500
290 292 1.42108547e-14
291 292 157.672691
292 292 1000
293 292 1.42108547e-14
294 292 -102.688588
295 292 -500
296 292 0
297 292 0
289 293 -1.42108547e-14
290 293 -500
291 293 -297.087
292 293 1.42108547e-14
293 293 1000
294 293 392.396308
295 293 0
296 293 -500
297 293 0
289 294 0
290 294 0
291 294 -500
292 294 -102.688588
293 294 392.396308
294 294 1329.03962
295 294 102.688588
296 294 -392.396308
297 294 -500
55 295 -700
56 295 0
57 295 189.700726
292 295 -500
293 295 0
294 295 102.688588
295 295 1700
296 295 -2.84217094e-14
297 295 -177.80143
298 295 -500
299 295 2.84217094e-14
300 295 0
55 296 0
56 296 -700
57 296 -816.966987
292 296 0
293 296 -500
294 296 -392.396308
295 296 -2.84217094e-14
296 296 1700
297 296 241.183077
298 296 -2.84217094e-14
299 296 -500
300 296 0
55 297 0
56 297 0
57 297 -700
292 297 0
293 297 0
294 297 -500
295 297 -177.80143
296 297 241.183077
297 297 1879.56525
298 297 177.80143
299 297 -241.183077
300 297 -500
295 298 -500
296 298 -2.84217094e-14
297 298 177.80143
298 298 1000
299 298 -2.84217094e-14
300 298 -11.314189
301 298 -500
302 298 0
303 298 0
295 299 2.84217094e-14
296 299 -500
297 299 -241.183077
298 299 -2.84217094e-14
299 299 1000
300 299 9.75428058
301 299 0
302 299 -500
303 299 0
295 300 0
296 300 0
297 300 -500
298 300 -11.314189
299 300 9.75428058
300 300 1000.44631
301 300 11.314189
302 300 -9.75428058
303 300 -500
61 301 -700
62 301 0
63 301 421.548716
298 301 -500
299 301 0
300 301 11.314189
301 301 1700
302 301 0
303 301 -202.092149
304 301 -500
305 301 0
306 301 0
61 302 0
62 302 -700
63 302 -1059.05334
298 302 0
299 302 -500
300 302 -9.75428058
301 302 0
302 302 1700
303 302 203.885611
304 302 0
305 302 -500
306 302 0
61 303 0
62 303 0
63 303 -700
298 303 0
299 303 0
300 303 -500
301 303 -202.092149
302 303 203.885611
303 303 1864.82116
304 303 202.092149
305 303 -203.885611
306 303 -500
301 304 -500
302 304 0
303 304 202.092149
304 304 1000
305 304 0
306 304 -266.795937
307 304 -500
308 304 0
309 304 0
301 305 0
302 305 -500
303 305 -203.885611
304 305 0
305 305 1000
306 305 101.798543
307 305 0
308 305 -500
309 305 0
301 306 0
302 306 0
303 306 -500
304 306 -266.795937
305 306 101.798543
306 306 1163.08603
307 306 266.795937
308 306 -101.798543
309 306 -500
67 307 -700
68 307 -5.68434189e-14
69 307 693.423621
304 307 -500
305 307 0
306 307 266.795937
307 307 1700
308 307 -2.84217094e-14
309 307 -282.998692
310 307 -500
311 307 -2.84217094e-14
312 307 0
67 308 5.68434189e-14
68 308 -700
69 308 -1234.86159
304 308 0
305 308 -500
306 308 -101.798543
307 308 -2.84217094e-14
308 308 1700
309 308 120.650693
310 308 2.84217094e-14
311 308 -500
312 308 0
67 309 0
68 309 0
69 309 -700
304 309 0
305 309 0
306 309 -500
307 309 -282.998692
308 309 120.650693
309 309 1889.2897
310 309 282.998692
311 309 -120.650693
312 309 -500
307 310 -500
308 310 2.84217094e-14
309 310 282.998692
310 310 1000
311 310 2.84217094e-14
312 310 -219.168792
313 310 -500
314 310 0
315 310 0
307 311 -2.84217094e-14
308 311 -500
309 311 -120.650693
310 311 2.84217094e-14
311 311 1000
312 311 171.543921
313 311 0
314 311 -500
315 311 0
307 312 0
308 312 0
309 312 -500
310 312 -219.168792
311 312 171.543921
312 312 1154.92455
313 312 219.168792
314 312 -171.543921
315 312 -500
73 313 -700
74 313 0
75 313 843.427705
310 313 -500
311 313 0
312 313 219.168792
313 313 1700
314 313 0
315 313 -222.513773
316 313 -500
317 313 0
318 313 0
73 314 0
74 314 -700
75 314 -1487.62174
310 314 0
311 314 -500
312 314 -171.543921
313 314 0
314 314 1700
315 314 -34.3809865
316 314 0
317 314 -500
318 314 0
73 315 0
74 315 0
75 315 -700
310 315 0
311 315 0
312 315 -500
313 315 -222.513773
314 315 -34.3809865
315 315 1801.38886
316 315 222.513773
317 315 34.3809865
318 315 -500
313 316 -500
314 316 0
315 316 222.513773
316 316 1000
317 316 0
318 316 -252.719276
319 316 -500
320 316 0
321 316 0
313 317 0
314 317 -500
315 317 34.3809865
316 317 0
317 317 1000
318 317 25.145658
319 317 0
320 317 -500
321 317 0
313 318 0
314 318 0
315 318 -500
316 318 -252.719276
317 318 25.145658
318 318 1128.99867
319 318 252.719276
320 318 -25.145658
321 318 -500
79 319 -700
80 319 0
81 319 1055.70863
316 319 -500
317 319 0
318 319 252.719276
319 319 1700
320 319 0
321 319 -177.078744
322 319 -500
323 319 0
324 319 0
79 320 0
80 320 -700
81 320 -1579.83004
316 320 0
317 320 -500
318 320 -25.145658
319 320 0
320 320 1700
321 320 12.0799331
322 320 0
323 320 -500
324 320 0
79 321 0
80 321 0
81 321 -700
316 321 0
317 321 0
318 321 -500
319 321 -177.078744
320 321 12.0799331
321 321 1763.00561
322 321 177.078744
323 321 -12.0799331
324 321 -500
319 322 -500
320 322 0
321 322 177.078744
322 322 1000
323 322 0
324 322 -282.416757
325 322 -500
326 322 0
327 322 0
319 323 0
320 323 -500
321 323 -12.0799331
322 323 0
323 323 1000
324 323 -97.182102
325 323 0
326 323 -500
327 323 0
319 324 0
320 324 0
321 324 -500
322 324 -282.416757
323 324 -97.182102
324 324 1178.40717
325 324 282.416757
326 324 97.182102
327 324 -500
85 325 -700
86 325 0
87 325 1262.64561
322 325 -500
323 325 0
324 325 282.416757
325 325 1700
326 325 2.84217094e-14
327 325 82.9157161
328 325 -500
329 325 -2.84217094e-14
330 325 0
85 326 0
86 326 -700
87 326 -1756.59842
322 326 0
323 326 -500
324 326 97.182102
325 326 2.84217094e-14
326 326 1700
327 326 -237.428784
328 326 2.84217094e-14
329 326 -500
330 326 0
85 327 0
86 327 0
87 327 -700
322 327 0
323 327 0
324 327 -500
325 327 82.9157161
326 327 -237.428784
327 327 1826.49489
328 327 -82.9157161
329 327 237.428784
330 327 -500
325 328 -500
326 328 2.84217094e-14
327 328 -82.9157161
328 328 1000
329 328 2.84217094e-14
330 328 529.146164
331 328 -500
332 328 0
333 328 0
325 329 -2.84217094e-14
326 329 -500
327 329 237.428784
328 329 2.84217094e-14
329 329 1000
330 329 -606.834312
331 329 0
332 329 -500
333 329 0
325 330 0
326 330 0
327 330 -500
328 330 529.146164
329 330 -606.834312
330 330 2296.48709
331 330 -529.146164
332 330 606.834312
333 330 -500
91 331 -700
92 331 -2.84217094e-14
93 331 -319.219504
328 331 -500
329 331 0
330 331 -529.146164
331 331 1700
332 331 -4.26325641e-14
333 331 -200.151237
334 331 -500
335 331 1.42108547e-14
336 331 0
91 332 2.84217094e-14
92 332 -700
93 332 -578.248334
328 332 0
329 332 -500
330 332 606.834312
331 332 -4.26325641e-14
332 332 1700
333 332 -35.0582001
334 332 -1.42108547e-14
335 332 -500
336 332 0
91 333 0
92 333 0
93 333 -700
328 333 0
329 333 0
330 333 -500
331 333 -200.151237
332 333 -35.0582001
333 333 1782.57919
334 333 200.151237
335 333 35.0582001
336 333 -500
331 334 -500
332 334 -1.42108547e-14
333 334 200.151237
334 334 1000
335 334 -7.10542736e-15
336 334 -234.929154
337 334 -500
338 334 -7.10542736e-15
339 334 0
331 335 1.42108547e-14
332 335 -500
333 335 35.0582001
334 335 -7.10542736e-15
335 335 1000
336 335 6.56450232
337 335 7.10542736e-15
338 335 -500
339 335 0
331 336 0
332 336 0
333 336 -500
334 336 -234.929154
335 336 6.56450232
336 336 1110.4696
337 336 234.929154
338 336 -6.56450232
339 336 -500
97 337 -700
98 337 0
99 337 -271.381076
334 337 -500
335 337 7.10542736e-15
336 337 234.929154
337 337 1700
338 337 7.10542736e-15
339 337 -280.511883
340 337 -500
341 337 0
342 337 0
97 338 0
98 338 -700
99 338 -606.843531
334 338 -7.10542736e-15
335 338 -500
336 338 -6.56450232
337 338 7.10542736e-15
338 338 1700
339 338 -45.9719794
340 338 0
341 338 -500
342 338 0
97 339 0
98 339 0
99 339 -700
334 339 0
335 339 0
336 339 -500
337 339 -280.511883
338 339 -45.9719794
339 339 1861.60068
340 339 280.511883
341 339 45.9719794
342 339 -500
337 340 -500
338 340 0
339 340 280.511883
340 340 1000
341 340 2.84217094e-14
342 340 -115.138258
343 340 -500
344 340 -2.84217094e-14
345 340 0
337 341 0
338 341 -500
339 341 45.9719794
340 341 2.84217094e-14
341 341 1000
342 341 -62.5165591
343 341 2.84217094e-14
344 341 -500
345 341 0
337 342 0
338 342 0
339 342 -500
340 342 -115.138258
341 342 -62.5165591
342 342 1034.33028
343 342 115.138258
344 342 62.5165591
345 342 -500
103 343 -700
104 343 0
105 343 -100.808918
340 343 -500
341 343 2.84217094e-14
342 343 115.138258
343 343 1700
344 343 2.84217094e-14
345 343 -179.451009
346 343 -500
347 343 0
348 343 0
103 344 0
104 344 -700
105 344 -665.969361
340 344 -2.84217094e-14
341 344 -500
342 344 62.5165591
343 344 2.84217094e-14
344 344 1700
345 344 -112.530774
346 344 0
347 344 -500
348 344 0
103 345 0
104 345 0
105 345 -700
340 345 0
341 345 0
342 345 -500
343 345 -179.451009
344 345 -112.530774
345 345 1789.73168
346 345 179.451009
347 345 112.530774
348 345 -500
343 346 -500
344 346 0
345 346 179.451009
346 346 1000
347 346 0
348 346 -276.587215
349 346 -500
350 346 0
351 346 0
343 347 0
344 347 -500
345 347 112.530774
346 347 0
347 347 1000
348 347 -175.502561
349 347 0
350 347 -500
351 347 0
343 348 0
344 348 0
345 348 -500
346 348 -276.587215
347 348 -175.502561
348 348 1214.60327
349 348 276.587215
350 348 175.502561
351 348 -500
109 349 -700
110 349 0
111 349 205.758132
346 349 -500
347 349 0
348 349 276.587215
349 349 1700
350 349 0
351 349 -446.619303
352 349 -500
353 349 0
354 349 0
109 350 0
110 350 -700
111 350 -681.473309
346 350 0
347 350 -500
348 350 175.502561
349 350 0
350 350 1700
351 350 7.2150717
352 350 0
353 350 -500
354 350 0
109 351 0
110 351 0
111 351 -700
346 351 0
347 351 0
348 351 -500
349 351 -446.619303
350 351 7.2150717
351 351 2099.04172
352 351 446.619303
353 351 -7.2150717
354 351 -500
349 352 -500
350 352 0
351 352 446.619303
352 352 1000
353 352 0
354 352 -199.597975
355 352 -500
356 352 0
357 352 0
349 353 0
350 353 -500
351 353 -7.2150717
352 353 0
353 353 1000
354 353 131.377726
355 353 0
356 353 -500
357 353 0
349 354 0
350 354 0
351 354 -500
352 354 -199.597975
353 354 131.377726
354 354 1114.19892
355 354 199.597975
356 354 -131.377726
357 354 -500
115 355 -700
116 355 0
117 355 1238.68138
352 355 -500
353 355 0
354 355 199.597975
355 355 1700
356 355 3.55271368e-15
357 355 189.55292
358 355 -500
359 355 -3.55271368e-15
360 355 0
115 356 0
116 356 -700
117 356 -1522.86944
352 356 0
353 356 -500
354 356 -131.377726
355 356 3.55271368e-15
356 356 1700
357 356 -659.569853
358 356 3.55271368e-15
359 356 -500
360 356 0
115 357 0
116 357 0
117 357 -700
352 357 0
353 357 0
354 357 -500
355 357 189.55292
356 357 -659.569853
357 357 2641.9254
358 357 -189.55292
359 357 659.569853
360 357 -500
355 358 -500
356 358 3.55271368e-15
357 358 -189.55292
358 358 500
359 358 3.55271368e-15
360 358 0
355 359 -3.55271368e-15
356 359 -500
357 359 659.569853
358 359 3.55271368e-15
359 359 500
360 359 0
355 360 0
356 360 0
357 360 -500
358 360 0
359 360 0
360 360 500
